Webots Project File version R2025a
perspectives: 000000ff00000000fd0000000300000000000001ca0000039ffc0200000001fb00000012005300630065006e0065005400720065006501000000000000039f0000000000000000000000010000022c00000294fc0200000001fb0000001400540065007800740045006400690074006f00720000000000000002940000004500ffffff00000003000005be0000007ffc0100000002fb0000000e0043006f006e0073006f006c006501000001d0000005b00000000000000000fc00000000000005be0000009400fffffffa000000010100000002fb0000001a0043006f006e0073006f006c00650041006c006c0041006c006c0100000000ffffffff0000008700fffffffb0000001a0043006f006e0073006f006c00650041006c006c0041006c006c0100000000ffffffff0000008700ffffff000005be0000029a00000004000000040000000100000008fc00000000
simulationViewPerspectives: 000000ff0000000100000002000001ba000004020100000002010000000101
sceneTreePerspectives: 000000ff00000001000000030000001e0000023c000000000100000002010000000201
minimizedPerspectives: 000000ff00000000fd0000000300000000000001ca0000039ffc0200000001fb00000012005300630065006e0065005400720065006501000000000000039f0000000000000000000000010000023300000201fc0200000001fb0000001400540065007800740045006400690074006f00720100000000000002010000008b00ffffff00000003000005be00000112fc0100000003fb0000000e0043006f006e0073006f006c006501000001d0000005b00000000000000000fb0000001a0043006f006e0073006f006c00650041006c006c0041006c006c0100000000000005be0000008700fffffffb0000001a0043006f006e0073006f006c00650041006c006c0041006c006c0100000000000005be0000000000000000000003890000020100000004000000040000000100000008fc00000000
maximizedDockId: -1
centralWidgetVisible: 1
orthographicViewHeight: 1
textFiles: 0 "../../CIS6372_Information-Assurance/my_project/controllers/client_v3/client_v3.py"
consoles: Console:All:All
consoles: Console:All:All
renderingDevicePerspectives: Mavic 2 PRO:camera;1;1;0;0
renderingDevicePerspectives: drone1:camera;1;0.324837;0.791901;0
